101010100111111001010001011010111110000010111101
001011010101000000010111101000101110111000111011
001001110000000111111100001111110011111100010010
100111100100000010110001101111010100000101110010
100111110000101100111000010001011110101001000110
100011100011001010001101111101001010010011011100
000110110001111001001100101010011001011011001111
010010000111100011101000000111101111011010100011
010101011010000010110100001110000111100100101111
100101101000110010010110011001100101100010110110
011111100010001000100110110001010010100111111011
101010101001010000101100101001111001101001011001
110010000000001001111110010100111001011101110110
101001001101101000111000000111011000110110101100
100001100011101101100010010010000111110011010101
001100101000001101010111111110001011100011100001
